INFO
Type	R1	R1	R1	R1p	R1p	R1p	R1p	R1p
Nuc	15N	15N	15N	15N	15N	15N	15N	15N
v0	400	500	850	850	850	850	500	500
v1	0	0	0	10.8	16.1	24.5	37.6	50.8
vr	0	0	0	60	60	60	60	60
dXY	-22293	-22293	-22293	-22293	-22293	-22293	-22293	-22293
END

DATA
R
1.6128e-02	2.3718e-02	2.0059e-02	1.7572e+00	1.5562e+00	1.5255e+00	4.9255e+00	8.1995e+00	
5.1332e-02	3.4098e-02	3.5748e-02	5.2365e+00	4.0751e+00	5.9506e+00	8.6306e+00	7.8626e+00	
4.4656e-02	3.2938e-02	2.7476e-02	2.1590e+00	2.4629e+00	1.7784e+00	1.6129e+00	2.6828e+00	
5.3568e-02	3.4962e-02	4.5654e-02	3.5630e+00	3.2250e+00	2.7737e+00	2.1813e+00	2.7379e+00	
7.8377e-02	5.4420e-02	4.1665e-02	4.8031e+00	4.4480e+00	3.5364e+00	3.4516e+00	3.8330e+00	
6.3934e-02	4.9874e-02	3.9944e-02	5.1047e+00	3.9657e+00	4.0517e+00	4.4830e+00	7.8513e+00	
4.2684e-02	6.7218e-02	5.5288e-02	2.0785e+00	2.0277e+00	2.8539e+00	3.0000e+00	4.6355e+00	
3.5297e-02	2.6899e-02	2.5830e-02	3.2370e+00	3.2238e+00	3.0382e+00	4.3685e+00	7.1041e+00	
4.1939e-02	3.4040e-02	2.6237e-02	2.2844e+00	2.5035e+00	2.8730e+00	5.4524e+01	5.3346e+01	
7.3336e-02	5.2548e-02	4.1266e-02	3.8140e+00	3.6029e+00	3.7338e+00	5.8884e+00	1.2536e+01	
8.7364e-02	6.4863e-02	5.4783e-02	4.2488e+00	3.5261e+00	3.7665e+00	3.9299e+00	5.9225e+00	
3.9516e-01	3.8628e-02	2.9154e-02	4.0709e+00	3.7784e+00	3.7351e+00	1.5717e+02	1.2096e+00	
7.3392e-02	5.8689e-02	4.7557e-02	4.6692e+00	4.8601e+00	4.9145e+00	3.6865e+00	4.7634e+00	
5.0643e-02	3.8467e-02	2.7304e-02	4.1736e+00	4.3819e+00	3.0239e+00	1.1660e+00	3.1529e+00	
3.6523e-02	2.6948e-02	2.1374e-02	3.7480e+00	3.0992e+00	3.2506e+00	8.3057e+00	1.9327e+01	
2.0804e-02	2.0311e-02	1.1476e-02	2.1728e+00	1.9839e+00	1.8702e+00	1.7984e+00	2.8335e+00	
1.3039e-02	1.5394e-02	1.0944e-02	1.1885e+00	1.2112e+00	3.1350e+00	1.5354e+00	2.0814e+00	
3.2986e-02	3.1762e-02	2.4936e-02	3.3296e+00	3.3923e+00	3.3265e+00	1.5639e+00	-1.9939e-02	
2.4331e-02	1.6641e-02	8.6984e-03	2.4407e+00	1.5537e+00	1.6167e+00	2.6052e+00	4.4266e+00	
8.3051e-03	1.3217e-02	5.8355e-03	3.6243e+00	2.9832e+00	4.1041e+00	5.7380e+00	9.8543e+00	
3.0119e-02	2.9516e-02	2.4739e-02	5.3463e+00	5.4009e+00	4.9895e+00	4.4499e+00	7.1480e+00	
5.3839e-02	3.7319e-02	2.4236e-02	5.9458e+00	7.4483e+00	7.6694e+00	6.4831e+00	9.3928e+00	
6.2972e-02	7.0738e-02	4.1542e-02	1.0126e+01	7.5027e+00	7.4742e+00	3.1635e+01	5.5969e+01	
8.9789e-02	8.5160e-02	1.1619e-01	6.2067e+00	6.0620e+00	2.0354e+00	4.3294e+07	1.0792e+02	
1.8031e-01	9.9432e-02	5.8736e-02	1.9017e+01	1.3349e+01	1.3035e+01	1.2676e+01	1.5808e+01	
8.8222e-02	7.0964e-02	3.1219e-02	1.2415e+01	1.1081e+01	1.0542e+01	4.4021e+01	6.8542e+01	
5.0589e-02	3.5275e-02	2.7311e-02	4.1285e+00	3.4121e+00	4.4574e+00	4.4162e+00	4.1901e+00	
3.4873e-02	3.8947e-02	3.9980e-02	4.3418e+00	2.8228e+00	3.6194e+00	4.4117e+00	5.9737e+00	
4.3039e-02	4.1821e-02	3.7558e-02	3.7195e+00	2.7359e+00	2.1531e+00	3.6097e+00	6.5445e+00	
4.7187e-02	4.0221e-02	2.9403e-02	5.1884e+00	4.6982e+00	4.2437e+00	2.3552e+00	3.9652e+00	
2.9249e-02	2.7416e-02	2.0207e-02	3.8707e+00	4.3347e+00	3.7965e+00	4.5533e+00	2.2112e+00	
3.6995e-02	2.8876e-02	2.3724e-02	2.4240e+00	2.5146e+00	2.6674e+00	2.9774e+00	5.6016e+00	
4.3070e-02	3.7520e-02	2.6295e-02	1.9125e+00	1.7128e+00	1.8766e+00	2.4912e+00	4.3314e+00	
3.6597e-02	2.9374e-02	2.6752e-02	3.5805e+00	2.7894e+00	2.7518e+00	5.1454e+00	1.0563e+01	
5.9628e-02	4.5428e-02	4.6040e-02	3.1371e+00	2.4911e+00	3.3066e+00	2.4738e+00	1.0033e+01	
8.2938e-02	6.5761e-02	5.9040e-02	4.0108e+00	4.2077e+00	4.2777e+00	3.2218e+00	4.6377e+00	
7.2530e-02	5.9659e-02	8.6538e-02	3.7844e+00	3.5808e+00	3.8135e+00	4.6462e+00	8.5133e+00	
9.2402e-02	6.5801e-02	5.5412e-02	5.4852e+00	4.9760e+00	5.1657e+00	4.9660e+00	9.8364e+00	
7.0881e-02	4.8257e-02	3.3278e-02	4.6959e+00	3.9067e+00	4.0241e+00	1.9123e+00	2.4292e+00	
2.9253e-02	2.1916e-02	1.5637e-02	2.7363e+00	2.7370e+00	2.5733e+00	2.6697e+00	3.9742e+00	
1.7479e-02	2.0527e-02	1.0011e-02	3.7728e+00	1.4677e+00	1.5212e+00	1.9846e+00	3.1954e+00	
1.7200e-02	1.7207e-02	1.5494e-02	1.6745e+00	1.1081e+00	1.3239e+00	2.9727e+00	6.0055e+00	
2.4410e-02	1.8603e-02	1.4137e-02	1.9476e+00	1.4853e+00	1.8773e+00	2.8397e+00	3.3108e+00	
1.7272e-02	2.3727e-02	1.5561e-02	2.5753e+00	3.3393e+00	6.2032e+00	3.0092e+00	6.6407e+00	
4.9659e-02	4.8098e-02	2.4567e-02	4.0561e+00	4.6344e+00	4.3248e+00	2.2423e+00	4.7092e+00	
2.3748e-02	2.3542e-02	2.0708e-02	5.1211e+00	4.1018e+00	4.7207e+00	8.5353e+00	8.3145e+00	
5.8662e-02	4.2947e-02	3.6038e-02	4.6870e+00	5.6621e+00	6.3731e+00	7.7711e+00	2.1833e+01	
2.0235e-02	1.2039e-02	4.7063e-03	3.5075e+00	3.7669e+00	2.7084e+00	2.8578e+00	3.5333e+00	
1.3031e-01	1.1805e-01	1.0353e-01	5.2447e+01	5.4326e+01	6.2223e+01	5.2454e+01	6.9299e+01	
	
Rstd
2.4563e-03	2.9327e-03	1.8676e-03	1.2433e+00	1.0416e+00	3.4144e-01	9.2180e-01	1.9317e+00	
4.8322e-03	5.2921e-03	3.9709e-03	1.4767e+00	1.2874e+00	1.7913e+00	2.0022e+00	2.2384e+00	
1.8399e-03	4.6196e-03	1.8577e-03	1.2188e+00	6.8622e-01	1.4895e-01	2.4250e-01	8.6327e-01	
6.4186e-03	7.5221e-03	5.8902e-03	1.3546e+00	6.5465e-01	6.5107e-01	1.1026e+00	1.4914e+00	
5.5028e-03	8.9836e-03	2.7200e-03	5.8094e-01	4.8034e-01	5.8431e-01	4.4152e-01	6.2103e-01	
3.1214e-03	7.5925e-03	2.0395e-03	5.0062e-01	4.3580e-01	4.3026e-01	5.6902e-01	7.9121e-01	
2.3248e-03	1.2531e-02	5.0856e-03	1.3513e+00	1.0693e+00	1.0163e+00	4.4109e-01	1.0502e+00	
1.0503e-03	3.9766e-03	1.2027e-03	1.1193e+00	6.5749e-01	6.8395e-01	4.3866e-01	7.0917e-01	
2.4980e-03	4.8415e-03	2.0360e-03	1.1716e+00	1.9264e-01	2.4763e-01	1.0301e+01	8.6892e+00	
2.0783e-03	9.3346e-03	1.8673e-03	5.7131e-01	4.1893e-01	7.0530e-01	4.2904e-01	2.1311e+00	
2.1559e-03	1.0132e-02	2.0312e-03	7.5931e-01	5.1292e-01	5.3848e-01	2.5682e-01	4.8045e-01	
5.8048e-02	6.3857e-03	2.0868e-03	1.3177e+00	7.3535e-01	3.2589e-01	1.2738e+02	1.5524e+00	
5.5018e-03	8.4528e-03	3.1271e-03	1.1718e+00	3.5507e-01	3.6291e-01	3.9445e-01	5.7682e-01	
2.2778e-03	4.7732e-03	1.7023e-03	8.9967e-01	5.0431e-01	7.5363e-01	3.2215e-01	7.9195e-01	
2.4856e-03	5.3055e-03	1.7666e-03	1.5059e+00	1.2981e+00	1.4718e+00	1.5429e+00	3.6604e+00	
1.0835e-03	3.0039e-03	9.8512e-04	4.9034e-01	2.8511e-01	6.5740e-02	2.2543e-01	3.3506e-01	
1.1199e-03	2.4625e-03	1.0642e-03	7.3539e-01	7.8268e-02	3.6346e-01	3.5717e-01	6.3257e-01	
2.4915e-03	4.8301e-03	2.8176e-03	9.7757e-01	8.3292e-01	2.9390e-01	6.7654e-01	5.6907e-01	
3.9175e-03	3.6896e-03	3.0428e-03	1.6063e+00	1.6524e+00	1.7627e+00	4.9961e-01	1.1833e+00	
1.0946e-03	2.4972e-03	1.5864e-03	9.4643e-01	8.5588e-01	9.7845e-01	1.1378e+00	2.4950e+00	
1.9777e-03	3.6045e-03	1.6038e-03	6.0458e-01	4.7373e-01	5.4497e-01	4.9020e-01	8.2333e-01	
3.9381e-03	7.4170e-03	1.4275e-02	1.8896e+00	1.7565e+00	2.0577e+00	6.8678e-01	1.3659e+00	
1.7214e-02	1.4208e-02	7.3618e-03	3.0287e+00	2.0268e+00	2.1203e+00	1.5794e+05	8.0225e+02	
6.7099e-03	1.5517e-02	2.2046e-02	8.9667e-01	9.3409e-01	3.6693e-01	4.4363e+14	4.9658e+02	
6.4193e-02	2.8833e-02	1.5302e-02	4.8978e+00	4.5831e+00	4.6112e+00	2.4544e+00	1.1014e+01	
1.2577e-02	2.1851e-02	1.3421e-02	1.7092e+00	1.1887e+00	1.1485e+00	5.1642e+00	3.7238e+01	
2.3573e-03	6.2330e-03	6.7954e-03	1.0144e+00	8.6394e-01	9.7798e-01	1.0011e+00	1.7671e+00	
3.2760e-03	6.0260e-03	3.1547e-03	1.0207e+00	9.1651e-01	9.9474e-01	4.0097e-01	6.6021e-01	
3.3370e-03	7.5817e-03	2.7692e-03	6.4300e-01	1.6698e-01	6.4082e-01	6.2017e-01	1.7287e+00	
1.7449e-03	5.4883e-03	1.7033e-03	7.4365e-01	2.4106e-01	2.6221e-01	3.3235e-01	4.9594e-01	
1.7365e-03	3.7952e-03	4.1064e-03	2.3615e+00	1.4972e+00	1.7431e+00	1.6809e+00	3.7748e+00	
2.5301e-03	4.4367e-03	1.5252e-03	9.0867e-01	6.1917e-01	5.8285e-01	3.0588e-01	8.8215e-01	
2.0722e-03	5.5445e-03	1.4403e-03	1.3040e+00	5.5747e-01	5.3787e-01	2.1757e-01	5.4674e-01	
6.8945e-04	4.4824e-03	1.1355e-03	8.9240e-01	5.4926e-01	6.4617e-01	5.1313e-01	9.9539e-01	
7.7183e-03	8.2138e-03	1.6578e-03	1.1678e+00	6.4303e-01	7.5766e-01	8.0463e-01	2.8275e+00	
2.9227e-03	1.2306e-02	2.9323e-03	1.0876e+00	3.5799e-01	3.5475e-01	2.9820e-01	3.7308e-01	
6.8752e-03	1.4028e-02	7.8926e-03	9.5881e-01	4.9978e-01	8.8483e-01	6.1289e-01	1.0987e+00	
5.1445e-03	1.2372e-02	1.3242e-03	1.1058e+00	6.4598e-01	7.5126e-01	4.2271e-01	1.5048e+00	
3.8704e-03	7.9023e-03	1.3599e-03	7.2089e-01	5.4567e-01	6.3526e-01	2.0250e-01	8.5050e-01	
1.0128e-03	3.8564e-03	1.2092e-03	1.0462e+00	4.5264e-01	6.1583e-01	4.2263e-01	5.2938e-01	
6.2755e-04	2.9192e-03	7.6422e-04	3.8424e-01	4.8449e-01	7.3961e-02	1.3438e-01	2.4086e-01	
5.3461e-04	2.7845e-03	1.4532e-03	2.4064e-01	5.7489e-01	6.8691e-01	3.1810e-01	9.9515e-01	
2.1293e-03	2.5698e-03	1.6070e-03	2.4488e-01	9.2592e-01	8.0916e-01	4.3697e-01	9.3257e-01	
2.2284e-03	3.3592e-03	4.3658e-03	2.2957e+00	1.7161e+00	1.1562e+00	9.8191e-01	2.2943e+00	
1.0986e-02	1.2677e-02	3.3597e-03	8.3418e-01	6.0669e-01	6.2372e-01	1.6284e+00	2.4896e+00	
2.1688e-03	3.8123e-03	4.2248e-03	1.3935e+00	1.3500e+00	1.1080e+00	1.9019e+00	2.0328e+00	
7.3752e-03	9.3951e-03	6.8339e-03	2.2257e+00	1.8988e+00	2.1921e+00	1.6279e+00	1.7239e+01	
2.1980e-03	4.8178e-03	5.3172e-03	1.7699e+00	1.5525e+00	1.4365e+00	2.0491e+00	1.6587e+00	
9.9981e-03	2.4718e-02	1.0239e-02	5.7519e+00	7.1991e+00	1.0429e+01	7.5202e+00	3.7555e+01	
 
S2
0.8799
0.8360
0.8974
0.8703
0.8437
0.8342
0.8569
0.8646
0.8665
0.8684
0.8761
0.8839
0.8858
0.9033
0.8993
0.8742
0.8858
0.8742
0.8703
0.8858
0.8607
0.8780
0.8100
0.8607
0.9092
0.8025
0.8588
0.8665
0.8665
0.8569
0.8839
0.8703
0.8780
0.8550
0.8858
0.8761
0.8474
0.8531
0.8897
0.8877
0.8780
0.8877
0.8360
0.7269
0.8877
0.8742
0.8703
0.7970
0.6923

S2std
0.0240
0.0300
0.0160
0.0160
0.0160
0.0120
0.0120
0.0180
0.0160
0.0140
0.0160
0.0200
0.0100
0.0200
0.0180
0.0140
0.0120
0.0120
0.0320
0.0200
0.0140
0.0420
0.0340
0.0320
0.1380
0.0320
0.0240
0.0140
0.0180
0.0140
0.0400
0.0160
0.0200
0.0160
0.0100
0.0160
0.0140
0.0120
0.0220
0.0160
0.0140
0.0160
0.0200
0.0380
0.0200
0.0340
0.0480
0.0660
0.0280
  
label
224	
226	
227	
228	
229	
230	
231	
232	
233	
234	
235	
236	
237	
238	
239	
240	
241	
242	
243	
244	
245	
246	
247	
248	
249	
261	
262	
263	
264	
265	
266	
267	
268	
269	
270	
271	
272	
273	
274	
275	
276	
277	
278	
279	
280	
281	
282	
283	
285	

END