72-CG2:0.3132;0.67;0.2416;0.02359;0.03366;0.01935;0.01164;0.09894;
72-CD:0.447;0.5825;0.0983;0.0467;0.01308;0.02588;0.005535;0.10803;
74-CB:0.1532;0.4866;0.612;0.0636;0.04297;0.01049;0.01442;0.09906;
75-CG2:0.2283;0.584;0.4297;0.04593;0.0414;0.01161;0.013885;0.09674;
75-CD:0.487;0.524;0.10504;0.03062;0.01746;0.0207;0.005756;0.1069;
76-CG1:0.24;0.6807;0.3423;0.01582;0.04382;0.01158;0.015076;0.10114;
76-CG2:0.3499;0.649;0.1954;0.03528;0.02394;0.02316;0.00748;0.1043;
81-CB:0.2412;0.6504;0.3494;0.0424;0.0339;0.01605;0.012115;0.10297;
84-CG2:0.1952;0.701;0.3933;0.0181;0.04382;0.01575;0.01492;0.0973;
84-CD:0.603;0.39;0.057;0.03012;0.0105;0.0194;0.002882;0.10657;
86-CG2:0.1079;0.3423;0.7383;0.1472;0.03375;0.01697;0.01133;0.10095;
90-CB:0.1067;0.458;0.685;0.09326;0.03818;0.00979;0.014946;0.10016;
92-CG1:0.1832;0.591;0.5205;0.01238;0.05273;0.002268;0.01831;0.09375;
92-CG2:0.2676;0.658;0.3325;0.00816;0.04135;0.014145;0.01298;0.0987;
94-CD1:0.1332;0.2112;0.698;0.2898;0.00991;0.03214;0.007126;0.1026;
94-CD2:0.347;0.6426;0.2009;0.03775;0.02255;0.02428;0.008644;0.1052;
97-CG1:0.2708;0.703;0.2756;0.01678;0.0389;0.01472;0.01368;0.10205;
97-CG2:0.295;0.713;0.2125;0.03516;0.03084;0.02354;0.010216;0.1049;
98-CG1:0.157;0.6636;0.4985;0.010;0.0563;0.002712;0.01868;0.0968;
98-CG2:0.2189;0.702;0.347;0.02817;0.03818;0.01651;0.01322;0.10156;
99-CG2:0.253;0.692;0.309;0.01531;0.0435;0.01514;0.0134;0.1026;
100-CB:0.1962;0.597;0.4668;0.03333;0.04904;0.00801;0.01677;0.0997;
101-CB:0.11;0.607;0.606;0.01775;0.05508;0.000943;0.01971;0.09753;
102-CB:0.1523;0.4397;0.5947;0.1201;0.0471;0.01316;0.01492;0.10034;
103-CD1:0.166;0.5996;0.4978;0.05197;0.04184;0.012405;0.01515;0.1005;
103-CD2:0.2048;0.6387;0.4202;0.03096;0.0411;0.014046;0.014565;0.10175;
107-CG2:0.2693;0.6514;0.322;0.02618;0.0381;0.0146;0.013275;0.0985;
107-CD:0.4663;0.536;0.1183;0.03915;0.01659;0.02217;0.00531;0.1072;
109-CG2:0.2303;0.6177;0.4167;0.02309;0.03976;0.0113;0.0155;0.097;
109-CD:0.4558;0.574;0.09845;0.03558;0.01805;0.02458;0.004814;0.10846;
113-CG2:0.213;0.668;0.3848;0.02951;0.03796;0.01598;0.01308;0.1024;
114-CG2:0.2279;0.6562;0.3955;0.0015135;0.04572;0.007;0.01747;0.1009;
117-CG1:0.1482;0.5786;0.554;0.04242;0.04684;0.00801;0.01668;0.0981;
117-CG2:0.12054;0.528;0.6475;0.04327;0.04803;0.004818;0.0167;0.09534;
119-CG2:0.1354;0.6313;0.543;0.01807;0.0558;0.0008836;0.0199;0.0981;
120-CG1:0.1497;0.5703;0.555;0.0472;0.04572;0.01067;0.01659;0.0973;
120-CG2:0.2744;0.7183;0.2474;0.02383;0.0367;0.01831;0.01254;0.1038;
121-CG1:0.2356;0.7007;0.3218;0.03104;0.033;0.02072;0.011826;0.1021;
121-CG2:0.2874;0.6616;0.2766;0.0327;0.03087;0.02103;0.01041;0.1031;
128-CG1:0.272;0.644;0.3325;0.01351;0.04318;0.01067;0.014824;0.0988;
128-CG2:0.2866;0.6885;0.27;0.01381;0.0363;0.01682;0.01239;0.1014;
129-CD1:0.10126;0.339;0.744;0.1665;0.02902;0.014824;0.01316;0.0971;
129-CD2:0.10626;0.5605;0.638;0.0362;0.05154;0.006287;0.01726;0.0973;
130-CG2:0.54;0.4546;0.095;0.0348;0.012695;0.0202;0.004837;0.1017;
130-CD:0.1694;0.4185;0.589;0.1365;0.02315;0.02489;0.00953;0.1018;
