INFO
Type	R1	R1	R1	NOE	NOE	NOE	R2	R2	R2
Nuc	15N	15N	15N	15N	15N	15N	15N	15N	15N
v0	950	800	600	950	800	600	950	800	600
tM	4.84e-9	4.84e-9	4.84e-9	4.84e-9	4.84e-9	4.84e-9	4.84e-9	4.84e-9	4.84e-9
END

DATA
R
1.33200e+00	1.45800e+00	1.90700e+00	2.56444e-02	3.17636e-02	5.19801e-02	8.32700e+00	7.69800e+00	6.77500e+00	
1.44000e+00	1.57500e+00	2.05800e+00	2.18871e-02	2.77692e-02	4.87973e-02	8.34300e+00	7.86600e+00	6.75200e+00	
1.45000e+00	1.61700e+00	2.10600e+00	2.13044e-02	2.75267e-02	5.56972e-02	8.63000e+00	7.61500e+00	7.03800e+00	
1.30700e+00	1.49000e+00	1.97300e+00	1.96007e-02	2.85353e-02	5.45788e-02	7.62900e+00	7.39900e+00	6.43200e+00	
1.42900e+00	1.58000e+00	2.04600e+00	2.24439e-02	2.86579e-02	4.85127e-02	8.29100e+00	7.65200e+00	6.66200e+00	
1.40500e+00	1.55200e+00	2.01400e+00	2.50567e-02	3.06662e-02	5.71415e-02	8.23100e+00	7.29600e+00	6.60400e+00	
1.46300e+00	1.57500e+00	1.98600e+00	3.37997e-02	4.50053e-02	7.44587e-02	7.46800e+00	7.15200e+00	5.93600e+00	
1.39800e+00	1.51400e+00	1.87600e+00	4.12225e-02	5.26204e-02	7.71779e-02	7.55200e+00	7.01500e+00	5.88900e+00	
1.40100e+00	1.53400e+00	1.96300e+00	4.00333e-02	4.83415e-02	8.19505e-02	7.36000e+00	6.66700e+00	5.93000e+00	
1.39200e+00	1.48200e+00	1.80900e+00	4.17508e-02	5.36106e-02	7.68045e-02	7.42600e+00	6.76700e+00	5.78700e+00	
1.32500e+00	1.47400e+00	1.86300e+00	3.11486e-02	4.03270e-02	6.07859e-02	7.27700e+00	7.35500e+00	6.05700e+00	
1.39100e+00	1.55400e+00	1.99100e+00	2.43841e-02	3.13356e-02	5.79012e-02	8.84900e+00	7.82200e+00	6.63400e+00	
1.35000e+00	1.48200e+00	1.93300e+00	2.21607e-02	2.76312e-02	4.42664e-02	8.43900e+00	7.54100e+00	6.77100e+00	
1.44500e+00	1.58400e+00	2.07200e+00	2.31345e-02	2.98540e-02	5.05989e-02	7.84400e+00	7.13300e+00	6.52800e+00	
1.24500e+00	1.36000e+00	1.83200e+00	2.29602e-02	2.97664e-02	5.10496e-02	7.46200e+00	7.43500e+00	6.27000e+00	
1.38200e+00	1.53300e+00	2.02500e+00	2.36662e-02	3.15335e-02	4.76044e-02	8.56300e+00	8.01100e+00	6.82900e+00	
1.28200e+00	1.41800e+00	1.89000e+00	2.28631e-02	2.93117e-02	5.63045e-02	8.64800e+00	7.81700e+00	6.83200e+00	
1.35700e+00	1.53900e+00	1.99700e+00	2.31006e-02	3.04094e-02	5.50404e-02	7.77700e+00	7.64900e+00	6.70200e+00	
1.40900e+00	1.57900e+00	2.05700e+00	2.34147e-02	3.02398e-02	5.56519e-02	8.24900e+00	8.69600e+00	6.66900e+00	
1.50900e+00	1.66000e+00	2.10900e+00	2.15597e-02	2.94361e-02	4.78695e-02	1.09350e+01	1.15800e+01	8.37700e+00	
1.47500e+00	1.61000e+00	2.07400e+00	2.07750e-02	2.77338e-02	5.06477e-02	1.51270e+01	1.05240e+01	1.01040e+01	
1.45600e+00	1.62300e+00	2.08400e+00	2.21303e-02	2.68065e-02	5.32148e-02	8.31200e+00	8.08600e+00	6.90000e+00	
1.45200e+00	1.60900e+00	2.12600e+00	2.04511e-02	2.64122e-02	4.78245e-02	9.13400e+00	8.25300e+00	7.19800e+00	
1.42200e+00	1.57700e+00	2.06600e+00	1.97403e-02	2.89231e-02	4.37533e-02	8.61600e+00	7.96700e+00	6.98700e+00	
1.45500e+00	1.61800e+00	2.08000e+00	2.19676e-02	2.88553e-02	5.24804e-02	8.38100e+00	8.00300e+00	6.95600e+00	
1.44600e+00	1.59000e+00	2.05600e+00	2.09526e-02	2.78726e-02	4.91665e-02	8.73700e+00	7.87300e+00	6.95200e+00	
1.38100e+00	1.52200e+00	1.96500e+00	2.37890e-02	2.88397e-02	5.15699e-02	8.28100e+00	7.42700e+00	6.66100e+00	
1.34800e+00	1.50600e+00	1.94400e+00	2.29474e-02	2.94521e-02	5.10188e-02	7.78500e+00	7.77600e+00	6.59000e+00	
1.33100e+00	1.49600e+00	1.95500e+00	2.00955e-02	2.65280e-02	4.71474e-02	9.11500e+00	7.68600e+00	7.01000e+00	
1.21300e+00	1.33000e+00	1.72500e+00	1.81910e-02	2.47973e-02	4.68445e-02	8.11500e+00	7.28700e+00	6.39900e+00	
1.47000e+00	1.58500e+00	2.04800e+00	2.44284e-02	3.11577e-02	5.18805e-02	8.00100e+00	7.64400e+00	6.49500e+00	
1.40600e+00	1.56900e+00	2.02600e+00	2.26525e-02	2.97303e-02	5.37867e-02	8.37000e+00	7.75000e+00	6.77600e+00	
1.40100e+00	1.54900e+00	2.04400e+00	2.32818e-02	3.06070e-02	5.57144e-02	8.21500e+00	7.46000e+00	6.58500e+00	
1.36600e+00	1.48000e+00	2.00100e+00	2.25617e-02	2.72940e-02	4.80540e-02	7.69200e+00	7.35800e+00	6.53400e+00	
1.32700e+00	1.48500e+00	1.99200e+00	2.03040e-02	2.84395e-02	5.20767e-02	8.11400e+00	7.32900e+00	6.60100e+00	
1.34800e+00	1.54700e+00	1.99600e+00	1.99424e-02	3.02539e-02	5.58218e-02	7.73800e+00	7.55700e+00	6.63300e+00	
1.41200e+00	1.54600e+00	2.02000e+00	2.01738e-02	2.44382e-02	5.54696e-02	8.76100e+00	7.54200e+00	6.92600e+00	
1.39300e+00	1.56000e+00	2.01500e+00	2.56896e-02	3.17728e-02	5.59448e-02	7.78800e+00	7.23900e+00	6.47200e+00	
1.38000e+00	1.47800e+00	1.93400e+00	2.67083e-02	3.24989e-02	4.93846e-02	7.35700e+00	7.54400e+00	6.25200e+00	
1.38700e+00	1.50200e+00	1.93000e+00	2.52978e-02	3.19612e-02	4.92824e-02	8.61300e+00	7.37900e+00	6.98600e+00	
1.31600e+00	1.47700e+00	1.85900e+00	3.00036e-02	3.86131e-02	6.47996e-02	7.31500e+00	7.17900e+00	6.12600e+00	
1.41200e+00	1.59500e+00	2.02900e+00	2.40369e-02	3.31321e-02	5.67447e-02	8.24200e+00	7.48700e+00	6.71300e+00	
1.26900e+00	1.44400e+00	1.88000e+00	2.35314e-02	3.35071e-02	5.46731e-02	7.90600e+00	7.53200e+00	6.57200e+00	
1.23400e+00	1.35200e+00	1.79500e+00	2.35075e-02	2.94543e-02	4.45620e-02	8.12200e+00	7.93700e+00	6.63600e+00	
1.34600e+00	1.48200e+00	1.92000e+00	2.33225e-02	2.80817e-02	4.90271e-02	8.99800e+00	8.35000e+00	6.92200e+00	
1.38700e+00	1.53800e+00	1.99600e+00	2.41735e-02	3.07013e-02	5.48105e-02	9.72700e+00	8.26300e+00	7.02000e+00	
1.49300e+00	1.63700e+00	2.12400e+00	2.32978e-02	2.70377e-02	5.03622e-02	8.54700e+00	7.89100e+00	6.86100e+00	
1.47200e+00	1.58200e+00	2.06000e+00	2.35667e-02	2.77324e-02	5.00971e-02	8.25400e+00	7.82800e+00	6.65400e+00	
1.37400e+00	1.55300e+00	2.01700e+00	2.08839e-02	3.08434e-02	4.76207e-02	7.81800e+00	7.61700e+00	6.50000e+00	
1.44500e+00	1.57100e+00	2.04200e+00	2.29880e-02	2.81763e-02	5.09009e-02	8.39800e+00	7.77800e+00	6.78300e+00	
1.43100e+00	1.59300e+00	2.03500e+00	2.36353e-02	2.92165e-02	4.99016e-02	8.32900e+00	7.08300e+00	6.79700e+00	
1.29300e+00	1.40300e+00	1.79500e+00	4.16639e-02	5.07528e-02	7.23905e-02	7.00700e+00	7.15000e+00	5.66600e+00	
1.30500e+00	1.44200e+00	1.89200e+00	2.41989e-02	2.76160e-02	4.71618e-02	8.29400e+00	7.66500e+00	6.83000e+00	
1.44500e+00	1.59600e+00	2.10000e+00	2.18167e-02	3.04036e-02	5.42617e-02	7.99800e+00	7.67900e+00	6.65900e+00	
1.45100e+00	1.58000e+00	2.03600e+00	2.26424e-02	2.81776e-02	4.74504e-02	8.43300e+00	7.63400e+00	6.85100e+00	
1.32700e+00	1.45900e+00	1.96300e+00	2.08419e-02	2.66111e-02	5.29098e-02	8.00700e+00	7.60200e+00	6.63400e+00	
1.37800e+00	1.52500e+00	2.03300e+00	2.30392e-02	2.82784e-02	4.30544e-02	8.43100e+00	7.62500e+00	6.50400e+00	
1.32900e+00	1.49900e+00	1.97900e+00	2.14120e-02	2.76444e-02	4.55204e-02	8.08700e+00	8.45400e+00	6.68300e+00	
1.43000e+00	1.55800e+00	2.07200e+00	2.34739e-02	2.81010e-02	5.33283e-02	1.03930e+01	8.21200e+00	7.57200e+00	
1.41300e+00	1.52600e+00	1.96300e+00	2.89220e-02	3.58738e-02	5.60924e-02	7.73900e+00	5.31500e+00	6.26500e+00	
1.41500e+00	1.44800e+00	1.61200e+00	8.14402e-02	9.93325e-02	1.48478e-01	3.15200e+00	2.76200e+00	2.92100e+00	
1.23700e+00	1.24200e+00	1.27000e+00	1.02657e-01	1.23334e-01	1.69739e-01	2.16500e+00	1.72200e+00	1.92400e+00	
8.58000e-01	8.52000e-01	8.71000e-01	1.03981e-01	1.16117e-01	1.57540e-01	1.43200e+00	7.02000e-01	1.29500e+00	

Rstd
7.00000e-03	2.20000e-02	2.90000e-02	1.08814e-03	7.05046e-04	2.26780e-03	4.20000e-02	1.15000e-01	1.02000e-01	
7.00000e-03	2.40000e-02	3.10000e-02	1.31753e-03	7.52632e-04	2.40878e-03	4.30000e-02	1.18000e-01	1.01000e-01	
7.00000e-03	2.40000e-02	3.20000e-02	1.32634e-03	8.00308e-04	2.49529e-03	3.80000e-02	1.14000e-01	1.06000e-01	
7.00000e-03	2.20000e-02	3.00000e-02	1.19655e-03	7.11812e-04	2.35052e-03	4.10000e-02	1.11000e-01	9.60000e-02	
7.00000e-03	2.40000e-02	3.10000e-02	1.16360e-03	8.14512e-04	2.39604e-03	4.10000e-02	1.15000e-01	1.00000e-01	
7.00000e-03	2.30000e-02	3.00000e-02	1.14576e-03	7.38316e-04	2.40079e-03	3.70000e-02	1.09000e-01	9.90000e-02	
7.00000e-03	2.40000e-02	3.00000e-02	1.19693e-03	8.45626e-04	2.13198e-03	3.80000e-02	1.07000e-01	8.90000e-02	
7.00000e-03	2.30000e-02	2.80000e-02	1.01286e-03	9.38093e-04	2.06249e-03	3.70000e-02	1.05000e-01	8.80000e-02	
7.00000e-03	2.30000e-02	2.90000e-02	1.01367e-03	8.70365e-04	2.16113e-03	3.70000e-02	1.00000e-01	8.90000e-02	
7.00000e-03	2.20000e-02	2.70000e-02	1.00943e-03	8.86456e-04	2.00891e-03	3.60000e-02	1.01000e-01	8.70000e-02	
7.00000e-03	2.20000e-02	2.80000e-02	1.08662e-03	7.77955e-04	2.09721e-03	4.40000e-02	1.10000e-01	9.10000e-02	
7.00000e-03	2.30000e-02	3.00000e-02	1.13425e-03	8.33747e-04	2.38454e-03	4.20000e-02	1.17000e-01	1.00000e-01	
7.00000e-03	2.20000e-02	2.90000e-02	1.10037e-03	7.15016e-04	2.44245e-03	3.90000e-02	1.13000e-01	1.02000e-01	
7.00000e-03	2.40000e-02	3.10000e-02	1.17671e-03	7.46516e-04	2.43040e-03	3.70000e-02	1.07000e-01	9.80000e-02	
6.00000e-03	2.00000e-02	2.70000e-02	1.01529e-03	6.72015e-04	2.17618e-03	4.30000e-02	1.12000e-01	9.40000e-02	
7.00000e-03	2.30000e-02	3.00000e-02	1.12669e-03	7.68663e-04	2.56131e-03	4.30000e-02	1.20000e-01	1.02000e-01	
6.00000e-03	2.10000e-02	2.80000e-02	1.04473e-03	7.31768e-04	2.26577e-03	3.90000e-02	1.17000e-01	1.02000e-01	
7.00000e-03	2.30000e-02	3.00000e-02	1.10646e-03	7.22294e-04	2.37451e-03	4.10000e-02	1.15000e-01	1.01000e-01	
7.00000e-03	2.40000e-02	3.10000e-02	1.14809e-03	7.49478e-04	2.44136e-03	5.50000e-02	1.30000e-01	1.00000e-01	
8.00000e-03	2.50000e-02	3.20000e-02	1.38089e-03	8.48335e-04	2.66531e-03	7.60000e-02	1.74000e-01	1.26000e-01	
7.00000e-03	2.40000e-02	3.10000e-02	1.34875e-03	7.31623e-04	2.43252e-03	4.20000e-02	1.58000e-01	1.52000e-01	
7.00000e-03	2.40000e-02	3.10000e-02	1.33207e-03	6.72060e-04	2.45404e-03	4.60000e-02	1.21000e-01	1.03000e-01	
7.00000e-03	2.40000e-02	3.20000e-02	1.32783e-03	6.66846e-04	2.68346e-03	4.30000e-02	1.24000e-01	1.08000e-01	
7.00000e-03	2.40000e-02	3.10000e-02	1.30045e-03	6.99239e-04	2.59652e-03	4.20000e-02	1.19000e-01	1.05000e-01	
7.00000e-03	2.40000e-02	3.10000e-02	1.33111e-03	7.15872e-04	2.44679e-03	4.40000e-02	1.20000e-01	1.04000e-01	
7.00000e-03	2.40000e-02	3.10000e-02	1.32259e-03	6.40798e-04	2.40858e-03	4.10000e-02	1.18000e-01	1.04000e-01	
7.00000e-03	2.30000e-02	2.90000e-02	1.12596e-03	6.70038e-04	2.31870e-03	3.90000e-02	1.11000e-01	1.00000e-01	
7.00000e-03	2.30000e-02	2.90000e-02	1.09921e-03	7.70571e-04	2.29660e-03	4.60000e-02	1.17000e-01	9.90000e-02	
7.00000e-03	2.20000e-02	2.90000e-02	1.21841e-03	7.08310e-04	2.28856e-03	4.10000e-02	1.15000e-01	1.05000e-01	
6.00000e-03	2.00000e-02	2.60000e-02	1.10986e-03	7.00479e-04	2.04826e-03	4.00000e-02	1.09000e-01	9.60000e-02	
7.00000e-03	2.40000e-02	3.10000e-02	1.19729e-03	6.51777e-04	2.41404e-03	4.20000e-02	1.15000e-01	9.70000e-02	
7.00000e-03	2.40000e-02	3.00000e-02	1.14532e-03	7.56176e-04	2.39455e-03	4.10000e-02	1.16000e-01	1.02000e-01	
7.00000e-03	2.30000e-02	3.10000e-02	1.14164e-03	7.25133e-04	2.42993e-03	3.80000e-02	1.12000e-01	9.90000e-02	
7.00000e-03	2.20000e-02	3.00000e-02	1.11334e-03	7.24191e-04	2.34383e-03	4.10000e-02	1.10000e-01	9.80000e-02	
7.00000e-03	2.20000e-02	3.00000e-02	1.08103e-03	8.10326e-04	2.35477e-03	3.90000e-02	1.10000e-01	9.90000e-02	
7.00000e-03	2.30000e-02	3.00000e-02	1.23368e-03	7.97357e-04	2.37773e-03	4.40000e-02	1.13000e-01	9.90000e-02	
7.00000e-03	2.30000e-02	3.00000e-02	1.29157e-03	7.65467e-04	2.39751e-03	3.90000e-02	1.13000e-01	1.04000e-01	
7.00000e-03	2.30000e-02	3.00000e-02	1.13657e-03	7.74271e-04	2.39543e-03	3.70000e-02	1.09000e-01	9.70000e-02	
7.00000e-03	2.20000e-02	2.90000e-02	1.12685e-03	7.58393e-04	2.27932e-03	4.30000e-02	1.13000e-01	9.40000e-02	
7.00000e-03	2.30000e-02	2.90000e-02	1.13157e-03	7.12253e-04	2.27510e-03	3.70000e-02	1.11000e-01	1.05000e-01	
7.00000e-03	2.20000e-02	2.80000e-02	1.07866e-03	7.29645e-04	2.12154e-03	4.10000e-02	1.08000e-01	9.20000e-02	
7.00000e-03	2.40000e-02	3.00000e-02	1.15080e-03	8.03643e-04	2.41218e-03	4.00000e-02	1.12000e-01	1.01000e-01	
6.00000e-03	2.20000e-02	2.80000e-02	1.03469e-03	8.10225e-04	2.24814e-03	4.10000e-02	1.13000e-01	9.90000e-02	
6.00000e-03	2.00000e-02	2.70000e-02	1.00683e-03	5.89651e-04	2.11004e-03	4.50000e-02	1.19000e-01	1.00000e-01	
7.00000e-03	2.20000e-02	2.90000e-02	1.09783e-03	6.82671e-04	2.26457e-03	4.90000e-02	1.25000e-01	1.04000e-01	
7.00000e-03	2.30000e-02	3.00000e-02	1.13095e-03	8.12322e-04	2.37241e-03	4.30000e-02	1.24000e-01	1.05000e-01	
7.00000e-03	2.50000e-02	3.20000e-02	1.21519e-03	7.39714e-04	2.48607e-03	4.10000e-02	1.18000e-01	1.03000e-01	
7.00000e-03	2.40000e-02	3.10000e-02	1.19850e-03	6.38965e-04	2.41671e-03	4.40000e-02	1.17000e-01	1.00000e-01	
7.00000e-03	2.30000e-02	3.00000e-02	1.25754e-03	7.40048e-04	2.55280e-03	4.20000e-02	1.14000e-01	9.80000e-02	
7.00000e-03	2.40000e-02	3.10000e-02	1.17665e-03	7.04066e-04	2.40365e-03	4.20000e-02	1.17000e-01	1.02000e-01	
7.00000e-03	2.40000e-02	3.10000e-02	1.16576e-03	7.68152e-04	2.39224e-03	3.50000e-02	1.06000e-01	1.02000e-01	
6.00000e-03	2.10000e-02	2.70000e-02	9.37286e-04	9.00404e-04	1.96605e-03	4.10000e-02	1.07000e-01	8.50000e-02	
7.00000e-03	2.20000e-02	2.80000e-02	1.06581e-03	6.08002e-04	2.22136e-03	4.00000e-02	1.15000e-01	1.02000e-01	
7.00000e-03	2.40000e-02	3.10000e-02	1.32202e-03	8.32233e-04	2.47396e-03	4.20000e-02	1.15000e-01	1.00000e-01	
7.00000e-03	2.40000e-02	3.10000e-02	1.18129e-03	6.55378e-04	2.57894e-03	4.00000e-02	1.15000e-01	1.03000e-01	
7.00000e-03	2.20000e-02	2.90000e-02	1.08131e-03	7.02459e-04	2.32343e-03	4.20000e-02	1.14000e-01	1.00000e-01	
7.00000e-03	2.30000e-02	3.00000e-02	1.12317e-03	7.89564e-04	2.55236e-03	4.00000e-02	1.14000e-01	9.80000e-02	
7.00000e-03	2.20000e-02	3.00000e-02	1.08322e-03	7.43262e-04	2.50335e-03	5.20000e-02	1.27000e-01	1.00000e-01	
7.00000e-03	2.30000e-02	3.10000e-02	1.16489e-03	8.36342e-04	2.44343e-03	3.90000e-02	1.23000e-01	1.14000e-01	
7.00000e-03	2.30000e-02	2.90000e-02	1.15435e-03	7.54153e-04	2.33967e-03	1.60000e-02	8.00000e-02	9.40000e-02	
7.00000e-03	2.20000e-02	2.40000e-02	7.00888e-04	1.53213e-03	2.21662e-03	1.10000e-02	4.10000e-02	4.40000e-02	
6.00000e-03	1.90000e-02	1.90000e-02	5.57477e-04	1.89884e-03	2.61966e-03	7.00000e-03	2.60000e-02	2.90000e-02	
4.00000e-03	1.30000e-02	1.30000e-02	5.96598e-04	1.77712e-03	2.57885e-03	4.00000e-03	1.10000e-02	1.90000e-02	

label
2
3
4
5
6
7
8
9
10
11
12
13
14
15
16
17
18
20
22
23
25
26
27
29
30
32
33
34
35
36
39
40
41
42
43
44
45
46
47
48
49
50
51
52
54
55
56
57
59
60
61
62
63
64
65
66
67
68
70
71
74
75
76
END