info
Type
NOE
Nuc
13C
Nuc1
1H
dXY
43587.8980
v0
600 400

Type
R1
Nuc
13CD2H
v0
600 400

Type
R1p
Nuc
13CD2H
v0
600
vr
5
v1
18.9 13.9 11.6

data
R
0.4363	0.5784	1.4070	1.7186	42.0000	82.0000	68.0000
0.0888	0.0543	0.3216	0.2211	57.0000	111.0000	143.0000
0.2167	0.4206	0.6231	0.9950	43.0000	95.0000	85.0000
0.1801	0.1771	0.5628	0.2312	47.0000	147.0000	74.0000
0.1525	0.1259	0.6131	0.5528	21.0000	29.0000	41.0000
0.4259	0.9860	1.2764	1.9799	27.0000	50.0000	47.0000
0.1979	0.1084	0.5729	0.3015	29.0000	50.0000	52.0000
0.3444	0.2640	0.9447	0.8342	32.0000	59.0000	60.0000
0.3044	0.3339	0.9849	1.1859	23.0000	46.0000	43.0000
0.2929	0.3335	0.8040	1.1457	29.0000	41.0000	48.0000
0.1480	0.1187	0.5126	0.5528	17.0000	19.0000	27.0000
0.3044	0.3339	0.9849	1.1859	23.0000	46.0000	43.0000
0.1671	0.2028	0.4925	0.5528	30.0000	43.0000	57.0000
0.3689	0.5020	1.5176	1.9899	84.0000	54.0000	79.0000
0.0129	0.3221	0.0704	1.9899	11.0000	144.0000	2.0000
0.0198	-0.0579	1.0151	1.9698	105.0000	143.0000	102.0000
0.0237	0.1575	0.3819	0.8543	38.0000	66.0000	55.0000
0.2361	0.8640	0.6332	0.9950	24.0000	23.0000	46.0000

R_std
0.0179	0.0793	0.0576	0.2355	2.4607	8.5599	3.8426
0.0032	0.0130	0.0118	0.0529	2.0000	7.2479	9.8678
0.0074	0.1467	0.0211	0.3470	1.5388	7.4154	4.5306
0.0114	0.4376	0.0355	0.5710	5.2935	21.7854	9.1641
0.0054	0.0275	0.0217	0.1206	1.1239	1.1227	1.9572
0.0144	0.3016	0.0430	0.6055	1.6763	4.2708	2.9379
0.0077	0.2208	0.0223	0.6141	1.5491	4.1851	3.2789
0.0174	0.0637	0.0476	0.2012	1.6238	4.3649	3.1677
0.0123	0.1150	0.0399	0.4084	0.7880	3.2825	2.5948
0.0108	0.0690	0.0297	0.2369	0.9625	2.0493	1.6075
0.0041	0.0253	0.0143	0.1176	0.9345	1.2310	1.6646
0.0123	0.1150	0.0399	0.4084	0.7880	3.2825	2.5948
0.0059	0.0158	0.0172	0.0432	1.3656	3.2272	2.6651
0.0684	0.0008	0.2813	0.0033	19.2791	12.8203	13.5682
0.0916	0.0004	0.4999	0.0026	43.2426	28.1858	54.1940
0.0057	0.0005	0.2921	0.0183	33.1124	17.3742	18.4964
0.0064	0.0373	0.1033	0.2021	27.5561	12.9984	33.5661
0.0284	0.0650	0.0762	0.0749	5.0951	10.9342	19.5420

S2
0.0638
0.0482
0.0997
0.0546
0.1162
0.0669
0.0509
0.0555
0.0465
0.0513
0.0613
0.0465
0.0560
0.0711
0.0706
0.0426
0.0439
0.0274

S2_std
0.0206
0.1138
0.0708
0.0098
0.1863
0.1568
0.0372
0.0286
0.0259
0.0284
0.0377
0.0259
0.0142
0.0257
0.0267
0.1491
0.0234
0.0610

label
228Ala
231Ile
237Ala
239Val
241Leu
244Val
247Ala
248Ala
250Leu
264Val
268Val
276Leu
277Ile
29.7 ppm
27.6 ppm
26.2 ppm
24.2 ppm
11.8 ppm
